chr	pos	strand	context	ratio	eff_CT_count	C_count	CT_count	rev_G_count	rev_GA_count	CI_lower	CI_upper
1	10497	+	CG	0.948	77.00	73	77	0	0	0.874	0.980
1	10502	+	CHG	0.000	77.00	0	77	0	0	0.000	0.048
1	10506	+	CHH	0.000	77.00	0	77	0	0	0.000	0.048
1	10507	+	CHG	0.000	77.00	0	77	0	0	0.000	0.048
1	10517	+	CHG	0.000	77.00	0	77	0	0	0.000	0.048
1	10522	+	CHH	0.000	77.00	0	77	0	0	0.000	0.048
1	10524	+	CHG	0.000	76.00	0	76	0	0	0.000	0.048
1	10525	+	CG	0.831	77.00	64	77	0	0	0.732	0.899
1	10564	-	CG	0.768	56.00	43	56	0	0	0.642	0.859
1	10567	-	CHG	0.000	56.00	0	56	0	0	0.000	0.064
1	10572	-	CG	0.750	56.00	42	56	0	0	0.623	0.845
1	10578	-	CG	0.679	56.00	38	56	0	0	0.548	0.786
1	10580	-	CG	0.661	56.00	37	56	0	0	0.530	0.771
1	10581	-	CHG	0.000	56.00	0	56	0	0	0.000	0.064
1	10583	-	CHH	0.018	56.00	1	56	0	0	0.003	0.094
1	10589	+	CG	0.929	28.00	26	28	56	56	0.774	0.980
1	10590	-	CG	0.893	56.00	50	56	28	28	0.785	0.950
1	10594	+	CHG	0.000	28.00	0	28	0	0	0.000	0.121
1	10599	+	CHG	0.000	28.00	0	28	0	0	0.000	0.121
1	10609	+	CG	0.893	28.00	25	28	0	0	0.728	0.963
1	10611	+	CHH	0.000	28.00	0	28	0	0	0.000	0.121
1	10614	+	CHH	0.000	28.00	0	28	0	0	0.000	0.121
1	10616	+	CHG	0.000	28.00	0	28	0	0	0.000	0.121
1	10617	+	CG	0.929	28.00	26	28	0	0	0.774	0.980
1	10641	+	CG	0.769	13.00	10	13	0	0	0.497	0.918
1	10643	-	CHG	0.000	12.00	0	12	13	13	0.000	0.243
1	10644	+	CG	1.000	13.00	13	13	12	12	0.772	1.000
1	10645	-	CG	0.917	12.00	11	12	13	13	0.646	0.985
1	10646	+	CHG	0.000	13.00	0	13	12	12	0.000	0.228
1	10648	-	CHG	0.000	12.00	0	12	13	13	0.000	0.243
1	10649	-	CHH	0.000	12.00	0	12	13	13	0.000	0.243
1	10650	+	CG	0.923	13.00	12	13	12	12	0.667	0.986
1	10651	-	CG	1.000	12.00	12	12	13	13	0.757	1.000
1	10652	+	CHG	0.084	11.92	1	13	11	12	0.015	0.356
1	10654	-	CHG	0.000	12.00	0	12	13	13	0.000	0.243
1	10656	-	CHH	0.000	12.00	0	12	13	13	0.000	0.243
1	10658	-	CHH	0.000	12.00	0	12	13	13	0.000	0.243
1	10659	-	CHH	0.000	12.00	0	12	13	13	0.000	0.243
1	10660	+	CG	0.769	13.00	10	13	12	12	0.497	0.918
1	10661	-	CG	0.917	12.00	11	12	13	13	0.646	0.985
1	10662	+	CG	0.538	13.00	7	13	12	12	0.291	0.768
1	10663	-	CG	0.833	12.00	10	12	12	12	0.552	0.953
1	10664	+	CHG	0.000	13.00	0	13	12	12	0.000	0.228
1	10665	+	CG	0.769	13.00	10	13	12	12	0.497	0.918
1	10666	-	CG	0.917	12.00	11	12	13	13	0.646	0.985
1	10667	+	CG	0.846	13.00	11	13	12	12	0.578	0.957
1	10668	-	CG	0.917	12.00	11	12	13	13	0.646	0.985
1	10669	+	CHG	0.077	13.00	1	13	12	12	0.014	0.333
1	10670	+	CG	0.941	17.00	16	17	12	12	0.730	0.990
1	10671	-	CG	0.917	12.00	11	12	17	17	0.646	0.985
1	10672	-	CHG	0.000	20.00	0	20	17	17	-0.000	0.161
1	10673	+	CG	0.941	17.00	16	17	19	19	0.730	0.990
1	10674	-	CG	0.950	20.00	19	20	17	17	0.764	0.991
1	10675	+	CHG	0.000	17.00	0	17	18	18	0.000	0.184
1	10677	-	CHG	0.050	20.00	1	20	17	17	0.009	0.236
1	10678	-	CHH	0.000	20.00	0	20	17	17	-0.000	0.161
1	10679	+	CG	0.824	17.00	14	17	20	20	0.590	0.938
1	10680	-	CG	0.900	20.00	18	20	17	17	0.699	0.972
1	10681	+	CHG	0.059	17.00	1	17	19	19	0.010	0.270
1	10683	-	CHG	0.000	20.00	0	20	17	17	-0.000	0.161
1	10685	-	CHH	0.000	20.00	0	20	17	17	-0.000	0.161
1	10687	-	CHH	0.000	20.00	0	20	17	17	-0.000	0.161
1	10688	-	CHH	0.000	20.00	0	20	17	17	-0.000	0.161
1	10689	+	CG	0.706	17.00	12	17	20	20	0.469	0.867
1	10690	-	CG	1.000	20.00	20	20	17	17	0.839	1.000
1	10691	+	CG	0.412	17.00	7	17	20	20	0.216	0.640
1	10692	-	CG	0.850	20.00	17	20	12	12	0.640	0.948
1	10693	+	CHG	0.000	17.00	0	17	20	20	0.000	0.184
1	10694	+	CG	0.882	17.00	15	17	20	20	0.657	0.967
1	10695	-	CG	1.000	18.82	20	20	16	17	0.831	1.000
1	10696	+	CG	0.765	17.00	13	17	20	20	0.527	0.904
1	10697	-	CG	1.000	20.00	20	20	17	17	0.839	1.000
1	10698	+	CHG	0.000	17.00	0	17	20	20	0.000	0.184
1	10699	+	CG	0.875	16.00	14	16	20	20	0.640	0.965
1	10700	-	CG	1.000	20.00	20	20	16	16	0.839	1.000
1	10701	-	CHG	0.000	15.00	0	15	16	16	-0.000	0.204
1	10702	+	CG	0.875	16.00	14	16	15	15	0.640	0.965
1	10703	-	CG	0.933	15.00	14	15	16	16	0.702	0.988
1	10704	+	CHG	0.000	16.00	0	16	15	15	0.000	0.194
1	10706	-	CHG	0.000	15.00	0	15	16	16	-0.000	0.204
1	10707	-	CHH	0.000	15.00	0	15	16	16	-0.000	0.204
1	10708	+	CG	0.938	16.00	15	16	15	15	0.717	0.989
1	10709	-	CG	1.000	15.00	15	15	16	16	0.796	1.000
1	10710	+	CHG	0.000	16.00	0	16	15	15	0.000	0.194
1	10712	-	CHG	0.000	15.00	0	15	16	16	-0.000	0.204
1	10714	-	CHH	0.000	15.00	0	15	16	16	-0.000	0.204
1	10716	-	CHH	0.067	15.00	1	15	16	16	0.012	0.298
1	10717	-	CHH	0.000	15.00	0	15	16	16	-0.000	0.204
1	10718	+	CG	0.812	16.00	13	16	15	15	0.570	0.934
1	10719	-	CG	0.800	15.00	12	15	16	16	0.548	0.930
1	10720	+	CG	0.500	16.00	8	16	15	15	0.280	0.720
1	10721	-	CG	0.733	15.00	11	15	13	13	0.480	0.891
1	10722	+	CHG	0.000	16.00	0	16	15	15	0.000	0.194
1	10723	+	CG	0.875	16.00	14	16	15	15	0.640	0.965
1	10724	-	CG	0.867	15.00	13	15	16	16	0.621	0.963
1	10725	+	CG	0.688	16.00	11	16	15	15	0.444	0.858
1	10726	-	CG	0.667	15.00	10	15	16	16	0.417	0.848
1	10727	+	CHG	0.000	16.00	0	16	15	15	0.000	0.194
1	10728	+	CG	1.000	15.00	15	15	15	15	0.796	1.000
1	10729	-	CG	0.933	15.00	14	15	15	15	0.702	0.988
1	10730	-	CHG	0.000	16.00	0	16	15	15	0.000	0.194
1	10731	+	CG	1.000	15.00	15	15	17	17	0.796	1.000
1	10732	-	CG	0.882	17.00	15	17	15	15	0.657	0.967
1	10733	+	CHG	0.067	15.00	1	15	16	16	0.012	0.298
1	10735	-	CHG	0.000	17.00	0	17	15	15	0.000	0.184
1	10736	-	CHH	0.000	17.00	0	17	15	15	0.000	0.184
1	10737	+	CG	1.000	15.00	15	15	17	17	0.796	1.000
1	10738	-	CG	0.941	17.00	16	17	15	15	0.730	0.990
1	10739	+	CHG	0.000	15.00	0	15	16	16	-0.000	0.204
1	10741	-	CHG	0.000	17.00	0	17	15	15	0.000	0.184
1	10743	-	CHH	0.000	17.00	0	17	15	15	0.000	0.184
1	10745	-	CHH	0.000	17.00	0	17	14	14	0.000	0.184
1	10746	-	CHH	0.000	17.00	0	17	15	15	0.000	0.184
1	10747	+	CG	0.933	15.00	14	15	17	17	0.702	0.988
1	10748	-	CG	0.882	17.00	15	17	15	15	0.657	0.967
1	10749	+	CG	0.467	15.00	7	15	17	17	0.248	0.699
1	10750	-	CG	0.647	17.00	11	17	13	13	0.413	0.827
1	10751	+	CHG	0.000	15.00	0	15	17	17	-0.000	0.204
1	10752	+	CG	1.000	15.00	15	15	17	17	0.796	1.000
1	10753	-	CG	0.941	17.00	16	17	15	15	0.730	0.990
1	10754	+	CG	1.000	15.00	15	15	17	17	0.796	1.000
1	10755	-	CG	0.824	17.00	14	17	15	15	0.590	0.938
1	10756	+	CHG	0.000	15.00	0	15	17	17	-0.000	0.204
1	10757	+	CG	0.923	26.00	24	26	17	17	0.759	0.979
1	10758	-	CG	1.000	17.00	17	17	26	26	0.816	1.000
1	10759	-	CHG	0.000	26.00	0	26	26	26	0.000	0.129
1	10760	+	CG	0.962	26.00	25	26	26	26	0.811	0.993
1	10761	-	CG	0.923	26.00	24	26	26	26	0.759	0.979
1	10762	+	CHG	0.000	26.00	0	26	25	25	0.000	0.129
1	10764	-	CHG	0.000	26.00	0	26	26	26	0.000	0.129
1	10765	-	CHH	0.000	26.00	0	26	26	26	0.000	0.129
1	10766	+	CG	0.885	26.00	23	26	26	26	0.710	0.960
1	10767	-	CG	0.962	26.00	25	26	26	26	0.811	0.993
1	10768	+	CHG	0.000	26.00	0	26	24	24	0.000	0.129
1	10770	-	CHG	0.000	26.00	0	26	26	26	0.000	0.129
1	10772	-	CHH	0.000	26.00	0	26	26	26	0.000	0.129
1	10774	-	CHH	0.000	26.00	0	26	26	26	0.000	0.129
1	10775	-	CHH	0.000	26.00	0	26	26	26	0.000	0.129
1	10776	+	CG	0.808	26.00	21	26	26	26	0.621	0.915
1	10777	-	CG	0.731	26.00	19	26	26	26	0.539	0.863
1	10778	+	CG	0.615	26.00	16	26	26	26	0.425	0.776
1	10779	-	CG	0.654	26.00	17	26	22	22	0.462	0.806
1	10780	+	CHG	0.000	26.00	0	26	26	26	0.000	0.129
1	10781	+	CG	0.923	26.00	24	26	26	26	0.759	0.979
1	10782	-	CG	0.885	26.00	23	26	26	26	0.710	0.960
1	10783	+	CG	0.800	25.00	20	25	26	26	0.609	0.911
1	10784	-	CG	0.692	26.00	18	26	26	26	0.500	0.835
1	10785	+	CHG	0.000	25.00	0	25	26	26	0.000	0.133
1	10786	+	CG	1.000	16.00	16	16	26	26	0.806	1.000
1	10787	-	CG	0.885	26.00	23	26	16	16	0.710	0.960
1	10789	+	CG	0.938	16.00	15	16	0	0	0.717	0.989
1	10791	+	CHG	0.000	16.00	0	16	0	0	0.000	0.194
1	10795	+	CG	1.000	16.00	16	16	0	0	0.806	1.000
1	10797	+	CHG	0.000	16.00	0	16	0	0	0.000	0.194
1	10801	+	CHH	0.000	16.00	0	16	0	0	0.000	0.194
1	10803	+	CHH	0.000	16.00	0	16	0	0	0.000	0.194
1	10807	+	CHH	0.062	16.00	1	16	0	0	0.011	0.283
1	10811	+	CG	0.688	16.00	11	16	0	0	0.444	0.858
1	10813	+	CG	0.812	16.00	13	16	0	0	0.570	0.934
1	10831	-	CHH	0.000	18.00	0	18	0	0	0.000	0.176
1	10833	-	CG	0.944	18.00	17	18	0	0	0.742	0.990
1	10836	-	CHG	0.000	18.00	0	18	0	0	0.000	0.176
1	10837	-	CHH	0.000	18.00	0	18	0	0	0.000	0.176
1	10839	-	CG	0.778	18.00	14	18	0	0	0.548	0.910
1	10842	-	CHG	0.000	18.00	0	18	0	0	0.000	0.176
1	10844	-	CHH	0.000	18.00	0	18	0	0	0.000	0.176
1	10846	-	CHH	0.000	18.00	0	18	0	0	0.000	0.176
1	10847	-	CHH	0.000	18.00	0	18	0	0	0.000	0.176
1	10849	-	CG	0.778	18.00	14	18	0	0	0.548	0.910
1	10851	-	CG	0.722	18.00	13	18	0	0	0.491	0.875
1	10854	-	CG	0.889	18.00	16	18	0	0	0.672	0.969
1	10856	-	CG	0.667	18.00	12	18	0	0	0.437	0.837
1	10858	+	CG	1.000	22.00	22	22	18	18	0.851	1.000
1	10859	-	CG	0.944	18.00	17	18	22	22	0.742	0.990
1	10861	+	CG	0.682	22.00	15	22	0	0	0.473	0.836
1	10863	+	CHG	0.000	22.00	0	22	0	0	0.000	0.149
1	10867	+	CG	0.955	22.00	21	22	0	0	0.782	0.992
1	10869	+	CHG	0.000	22.00	0	22	0	0	0.000	0.149
1	10875	+	CHH	0.000	22.00	0	22	0	0	0.000	0.149
1	10877	+	CHH	0.000	22.00	0	22	0	0	0.000	0.149
1	10881	+	CHH	0.000	22.00	0	22	0	0	0.000	0.149
1	10884	+	CHG	0.000	22.00	0	22	0	0	0.000	0.149
1	10885	+	CG	0.727	22.00	16	22	0	0	0.518	0.868
1	10907	-	CHH	0.000	6.00	0	6	0	0	0.000	0.390
1	10909	-	CG	0.833	6.00	5	6	0	0	0.436	0.970
1	10912	-	CHG	0.000	6.00	0	6	0	0	0.000	0.390
1	10913	-	CHH	0.000	6.00	0	6	0	0	0.000	0.390
1	10915	-	CG	0.833	6.00	5	6	0	0	0.436	0.970
1	10918	-	CHG	0.000	6.00	0	6	0	0	0.000	0.390
1	10920	-	CHH	0.000	6.00	0	6	0	0	0.000	0.390
1	10922	-	CHH	0.000	6.00	0	6	0	0	0.000	0.390
1	10923	-	CHH	0.000	6.00	0	6	0	0	0.000	0.390
1	10925	-	CG	0.833	6.00	5	6	0	0	0.436	0.970
1	10930	-	CG	1.000	6.00	6	6	0	0	0.610	1.000
1	10932	-	CG	0.833	6.00	5	6	0	0	0.436	0.970
1	10934	+	CG	0.923	13.00	12	13	6	6	0.667	0.986
1	10935	-	CG	1.000	6.00	6	6	13	13	0.610	1.000
1	10937	+	CG	0.923	13.00	12	13	0	0	0.667	0.986
1	10939	+	CHG	0.000	13.00	0	13	0	0	0.000	0.228
1	10943	+	CG	0.923	13.00	12	13	0	0	0.667	0.986
1	10945	+	CHG	0.077	13.00	1	13	0	0	0.014	0.333
1	10951	+	CHH	0.000	13.00	0	13	0	0	0.000	0.228
1	10953	+	CHH	0.000	13.00	0	13	0	0	0.000	0.228
1	10957	+	CHH	0.000	13.00	0	13	0	0	0.000	0.228
1	10961	+	CG	1.000	13.00	13	13	0	0	0.772	1.000
1	11032	-	CHH	0.000	6.00	0	6	0	0	0.000	0.390
1	11035	-	CHH	0.000	6.00	0	6	0	0	0.000	0.390
1	11038	-	CHG	0.000	6.00	0	6	0	0	0.000	0.390
1	11039	-	CHH	0.000	6.00	0	6	0	0	0.000	0.390
1	11041	-	CHH	0.000	6.00	0	6	0	0	0.000	0.390
1	11046	-	CHH	0.000	6.00	0	6	0	0	0.000	0.390
1	11049	-	CG	0.667	6.00	4	6	0	0	0.300	0.903
1	11053	-	CG	0.500	6.00	3	6	0	0	0.188	0.812
1	11054	-	CHG	0.000	6.00	0	6	0	0	0.000	0.390
1	11056	-	CG	0.500	6.00	3	6	0	0	0.188	0.812
1	11058	+	CG	0.958	24.00	23	24	6	6	0.798	0.993
1	11059	-	CG	0.667	6.00	4	6	24	24	0.300	0.903
1	11062	+	CHG	0.000	24.00	0	24	0	0	0.000	0.138
1	11068	+	CG	0.833	24.00	20	24	0	0	0.641	0.933
1	11082	+	CG	0.542	24.00	13	24	0	0	0.351	0.721
1	11084	+	CHG	0.000	24.00	0	24	0	0	0.000	0.138
1	11085	+	CG	1.000	24.00	24	24	0	0	0.862	1.000
1	11130	-	CG	0.737	19.00	14	19	0	0	0.512	0.882
1	11131	-	CHG	0.000	19.00	0	19	0	0	0.000	0.168
1	11132	-	CHH	0.000	19.00	0	19	0	0	0.000	0.168
1	11135	-	CHH	0.000	19.00	0	19	0	0	0.000	0.168
1	11143	-	CHG	0.000	19.00	0	19	0	0	0.000	0.168
1	11150	-	CG	1.000	19.00	19	19	0	0	0.832	1.000
1	11155	-	CHH	0.000	19.00	0	19	0	0	0.000	0.168
1	11157	+	CG	0.917	24.00	22	24	26	26	0.742	0.977
1	11158	-	CG	0.731	26.00	19	26	24	24	0.539	0.863
1	11159	-	CHG	0.000	7.00	0	7	24	24	0.000	0.354
1	11160	-	CHH	0.000	7.00	0	7	24	24	0.000	0.354
1	11163	+	CG	0.958	24.00	23	24	7	7	0.798	0.993
1	11164	-	CG	1.000	6.00	6	6	24	24	0.610	1.000
1	11166	+	CHG	0.000	24.00	0	24	7	7	0.000	0.138
1	11167	+	CG	0.875	24.00	21	24	7	7	0.690	0.957
1	11168	-	CG	1.000	7.00	7	7	24	24	0.646	1.000
1	11169	+	CHH	0.000	24.00	0	24	7	7	0.000	0.138
1	11170	+	CHH	0.000	24.00	0	24	7	7	0.000	0.138
1	11171	+	CHH	0.000	24.00	0	24	7	7	0.000	0.138
1	11172	+	CHH	0.000	24.00	0	24	7	7	0.000	0.138
1	11175	-	CHH	0.000	7.00	0	7	24	24	0.000	0.354
1	11176	+	CHH	0.000	24.00	0	24	7	7	0.000	0.138
1	11179	-	CHH	0.000	7.00	0	7	24	24	0.000	0.354
1	11180	+	CHG	0.000	24.00	0	24	7	7	0.000	0.138
1	11182	-	CHG	0.000	7.00	0	7	24	24	0.000	0.354
1	11183	+	CHG	0.000	24.00	0	24	7	7	0.000	0.138
1	11184	+	CG	0.333	39.00	13	39	7	7	0.206	0.490
1	11185	-	CG	0.857	7.00	6	7	39	39	0.487	0.974
1	11188	+	CHH	0.000	15.00	0	15	0	0	-0.000	0.204
1	11190	+	CHH	0.000	15.00	0	15	0	0	-0.000	0.204
1	11193	+	CHG	0.000	15.00	0	15	0	0	-0.000	0.204
1	11198	+	CHH	0.000	15.00	0	15	0	0	-0.000	0.204
1	11199	+	CHG	0.000	15.00	0	15	0	0	-0.000	0.204
1	11200	+	CG	0.667	15.00	10	15	0	0	0.417	0.848
1	11202	+	CHH	0.000	15.00	0	15	0	0	-0.000	0.204
1	11206	+	CHH	0.000	15.00	0	15	0	0	-0.000	0.204
1	11208	+	CHH	0.000	15.00	0	15	0	0	-0.000	0.204
1	11210	+	CG	0.400	15.00	6	15	0	0	0.198	0.643
1	11273	-	CHH	0.000	4.00	0	4	0	0	0.000	0.490
1	11275	-	CHH	0.000	6.00	0	6	0	0	0.000	0.390
1	11276	-	CHH	0.000	6.00	0	6	0	0	0.000	0.390
1	11278	-	CHH	0.000	6.00	0	6	0	0	0.000	0.390
1	11279	-	CHH	0.000	6.00	0	6	0	0	0.000	0.390
1	11283	-	CHG	0.000	6.00	0	6	0	0	0.000	0.390
1	11285	-	CG	0.333	6.00	2	6	0	0	0.097	0.700
1	11292	-	CHG	0.000	6.00	0	6	0	0	0.000	0.390
1	11295	-	CHG	0.000	6.00	0	6	0	0	0.000	0.390
1	11296	-	CHH	0.000	6.00	0	6	0	0	0.000	0.390
1	11298	-	CG	0.000	6.00	0	6	0	0	0.000	0.390
1	11300	+	CG	0.636	22.00	14	22	6	6	0.430	0.803
1	11301	-	CG	0.167	6.00	1	6	22	22	0.030	0.564
1	11305	+	CHH	0.000	22.00	0	22	0	0	0.000	0.149
1	11307	+	CHG	0.000	22.00	0	22	0	0	0.000	0.149
1	11310	+	CHG	0.000	22.00	0	22	0	0	0.000	0.149
1	11315	+	CHH	0.000	22.00	0	22	0	0	0.000	0.149
1	11316	+	CHH	0.000	22.00	0	22	0	0	0.000	0.149
1	11317	+	CHH	0.000	22.00	0	22	0	0	0.000	0.149
1	11319	+	CHH	0.000	22.00	0	22	0	0	0.000	0.149
1	11323	+	CHH	0.000	22.00	0	22	0	0	0.000	0.149
1	11327	+	CHG	0.000	22.00	0	22	0	0	0.000	0.149
1	11413	-	CHG	0.000	6.00	0	6	0	0	0.000	0.390
1	11416	-	CHG	0.000	6.00	0	6	0	0	0.000	0.390
1	11417	-	CHH	0.000	6.00	0	6	0	0	0.000	0.390
1	11420	-	CHG	0.000	6.00	0	6	0	0	0.000	0.390
1	11423	-	CHG	0.000	6.00	0	6	0	0	0.000	0.390
1	11424	-	CHH	0.000	6.00	0	6	0	0	0.000	0.390
1	11425	-	CHH	0.000	6.00	0	6	0	0	0.000	0.390
1	11426	-	CHH	0.000	6.00	0	6	0	0	0.000	0.390
1	11432	-	CHG	0.000	6.00	0	6	0	0	0.000	0.390
1	11434	+	CG	0.767	43.00	33	43	6	6	0.623	0.868
1	11435	-	CG	0.667	6.00	4	6	43	43	0.300	0.903
1	11438	+	CHH	0.000	43.00	0	43	0	0	0.000	0.082
1	11439	+	CHH	0.000	43.00	0	43	0	0	0.000	0.082
1	11440	+	CHH	0.000	43.00	0	43	0	0	0.000	0.082
1	11442	+	CHH	0.000	43.00	0	43	0	0	0.000	0.082
1	11446	+	CHH	0.000	43.00	0	43	0	0	0.000	0.082
1	11448	+	CHH	0.000	43.00	0	43	0	0	0.000	0.082
1	11449	+	CHH	0.000	43.00	0	43	0	0	0.000	0.082
1	11452	+	CHG	0.023	43.00	1	43	0	0	0.004	0.121
1	11454	-	CHG	0.000	35.00	0	35	43	43	0.000	0.099
1	11457	+	CHG	0.000	43.00	0	43	35	35	0.000	0.082
1	11459	-	CHG	0.000	35.00	0	35	43	43	0.000	0.099
1	11460	-	CHH	0.000	35.00	0	35	43	43	0.000	0.099
1	11461	+	CG	0.884	43.00	38	43	35	35	0.755	0.949
1	11462	-	CG	0.914	35.00	32	35	43	43	0.776	0.970
1	11463	-	CHG	0.000	35.00	0	35	0	0	0.000	0.099
1	11470	-	CHH	0.000	35.00	0	35	0	0	0.000	0.099
1	11471	-	CHH	0.000	35.00	0	35	0	0	0.000	0.099
1	11472	-	CHH	0.000	35.00	0	35	0	0	0.000	0.099
1	11481	-	CG	0.857	35.00	30	35	0	0	0.706	0.937
1	11744	-	CHG	0.000	4.00	0	4	0	0	0.000	0.490
1	11747	-	CHH	0.000	4.00	0	4	0	0	0.000	0.490
1	11753	-	CHH	0.000	4.00	0	4	0	0	0.000	0.490
1	11756	-	CHG	0.000	4.00	0	4	0	0	0.000	0.490
1	11760	-	CHH	0.000	4.00	0	4	0	0	0.000	0.490
1	11761	-	CHH	0.000	4.00	0	4	0	0	0.000	0.490
1	11763	+	CG	0.552	29.00	16	29	4	4	0.375	0.716
1	11764	-	CG	1.000	4.00	4	4	29	29	0.510	1.000
1	11765	-	CHG	0.000	24.00	0	24	29	29	0.000	0.138
1	11767	-	CHH	0.000	24.00	0	24	29	29	0.000	0.138
1	11770	-	CHH	0.000	24.00	0	24	29	29	0.000	0.138
1	11772	-	CHH	0.000	24.00	0	24	29	29	0.000	0.138
1	11776	-	CHH	0.000	24.00	0	24	29	29	0.000	0.138
1	11778	+	CHG	0.000	29.00	0	29	24	24	0.000	0.117
1	11780	-	CHG	0.000	24.00	0	24	29	29	0.000	0.138
1	11781	+	CG	0.552	29.00	16	29	24	24	0.375	0.716
1	11782	-	CG	0.875	24.00	21	24	29	29	0.690	0.957
1	11783	+	CHH	0.000	29.00	0	29	24	24	0.000	0.117
1	11790	-	CHH	0.000	24.00	0	24	29	29	0.000	0.138
1	11791	+	CHG	0.000	29.00	0	29	24	24	0.000	0.117
1	11792	+	CG	0.667	30.00	20	30	24	24	0.488	0.808
1	11793	-	CG	0.875	24.00	21	24	30	30	0.690	0.957
1	11799	+	CHH	0.000	30.00	0	30	0	0	-0.000	0.114
1	11800	+	CHH	0.000	30.00	0	30	0	0	-0.000	0.114
1	11805	+	CHG	0.000	30.00	0	30	0	0	-0.000	0.114
1	11810	+	CHH	0.000	30.00	0	30	0	0	-0.000	0.114
1	11811	+	CHG	0.000	30.00	0	30	0	0	-0.000	0.114
1	11814	+	CHH	0.000	30.00	0	30	0	0	-0.000	0.114
1	11817	-	CHH	0.000	44.00	0	44	30	30	0.000	0.080
1	11820	-	CHH	0.000	44.00	0	44	30	30	0.000	0.080
1	11828	-	CG	0.568	44.00	25	44	0	0	0.422	0.703
1	11830	-	CHH	0.000	44.00	0	44	0	0	0.000	0.080
1	11834	-	CHH	0.000	44.00	0	44	0	0	0.000	0.080
1	11838	-	CHG	0.000	44.00	0	44	0	0	0.000	0.080
1	11842	+	CG	0.680	25.00	17	25	44	44	0.484	0.828
1	11843	-	CG	0.682	44.00	30	44	25	25	0.534	0.800
1	11849	+	CHH	0.000	25.00	0	25	0	0	0.000	0.133
1	11853	+	CHH	0.000	25.00	0	25	0	0	0.000	0.133
1	11855	+	CHH	0.000	25.00	0	25	0	0	0.000	0.133
1	11856	+	CHH	0.000	25.00	0	25	0	0	0.000	0.133
1	11863	+	CHH	0.000	23.00	0	23	0	0	-0.000	0.143
1	11868	+	CG	0.760	25.00	19	25	0	0	0.566	0.885
1	11934	-	CHH	0.015	134.00	2	134	0	0	0.004	0.053
1	11939	-	CHG	0.000	134.00	0	134	0	0	0.000	0.028
1	11947	-	CG	0.619	134.00	83	134	0	0	0.535	0.697
1	11949	-	CHH	0.000	134.00	0	134	0	0	0.000	0.028
1	11960	+	CG	1.000	1.00	1	1	134	134	0.207	1.000
1	11961	-	CG	0.575	134.00	77	134	1	1	0.490	0.655
1	11964	+	CHH	0.000	1.00	0	1	0	0	0.000	0.793
1	11965	+	CHH	0.000	1.00	0	1	0	0	0.000	0.793
1	11976	+	CHH	0.000	1.00	0	1	0	0	0.000	0.793
1	11978	+	CHG	0.000	1.00	0	1	0	0	0.000	0.793
1	11984	+	CHH	0.000	1.00	0	1	0	0	0.000	0.793
1	12271	+	CG	0.950	20.00	19	20	0	0	0.764	0.991
1	12274	+	CHH	0.000	20.00	0	20	0	0	-0.000	0.161
1	12275	+	CHH	0.000	20.00	0	20	0	0	-0.000	0.161
1	12276	+	CHH	0.000	20.00	0	20	0	0	-0.000	0.161
1	12278	+	CG	1.000	20.00	20	20	0	0	0.839	1.000
1	12280	+	CHH	0.000	20.00	0	20	0	0	-0.000	0.161
1	12282	+	CHH	0.000	20.00	0	20	0	0	-0.000	0.161
1	12283	+	CHG	0.000	20.00	0	20	0	0	-0.000	0.161
1	12286	+	CHG	0.000	20.00	0	20	0	0	-0.000	0.161
1	12289	+	CHG	0.000	20.00	0	20	0	0	-0.000	0.161
1	12294	+	CHH	0.000	20.00	0	20	0	0	-0.000	0.161
1	12295	+	CHH	0.100	20.00	2	20	0	0	0.028	0.301
1	12296	+	CHH	0.000	18.00	0	18	0	0	0.000	0.176
1	12297	+	CHH	0.000	20.00	0	20	0	0	-0.000	0.161
1	12306	-	CG	0.808	26.00	21	26	0	0	0.621	0.915
1	12310	-	CHG	0.000	26.00	0	26	0	0	0.000	0.129
1	12313	-	CHG	0.000	26.00	0	26	0	0	0.000	0.129
1	12319	-	CG	0.962	26.00	25	26	0	0	0.811	0.993
1	12320	-	CHG	0.000	26.00	0	26	0	0	0.000	0.129
1	12322	-	CHH	0.000	26.00	0	26	0	0	0.000	0.129
1	12329	-	CHH	0.000	26.00	0	26	0	0	0.000	0.129
1	12332	-	CG	1.000	26.00	26	26	0	0	0.871	1.000
1	12355	+	CG	1.000	7.00	7	7	0	0	0.646	1.000
1	12358	+	CHG	0.000	7.00	0	7	0	0	0.000	0.354
1	12371	+	CHH	0.000	7.00	0	7	0	0	0.000	0.354
1	12373	+	CHG	0.000	7.00	0	7	0	0	0.000	0.354
1	12376	+	CHG	0.000	7.00	0	7	0	0	0.000	0.354
1	12381	+	CHG	0.000	7.00	0	7	0	0	0.000	0.354
1	12586	+	CG	0.900	10.00	9	10	0	0	0.596	0.982
1	12589	+	CHH	0.000	10.00	0	10	0	0	-0.000	0.278
1	12590	+	CHH	0.000	10.00	0	10	0	0	-0.000	0.278
1	12591	+	CHH	0.000	10.00	0	10	0	0	-0.000	0.278
1	12592	+	CHG	0.000	10.00	0	10	0	0	-0.000	0.278
1	12596	+	CHH	0.000	10.00	0	10	0	0	-0.000	0.278
1	12598	+	CHH	0.000	10.00	0	10	0	0	-0.000	0.278
1	12599	+	CHG	0.000	10.00	0	10	0	0	-0.000	0.278
1	12603	+	CHH	0.000	10.00	0	10	0	0	-0.000	0.278
1	12605	+	CHH	0.000	10.00	0	10	0	0	-0.000	0.278
1	12606	+	CHH	0.000	10.00	0	10	0	0	-0.000	0.278
1	12607	+	CHH	0.000	10.00	0	10	0	0	-0.000	0.278
1	12608	+	CHH	0.000	10.00	0	10	0	0	-0.000	0.278
1	12609	+	CHH	0.000	10.00	0	10	0	0	-0.000	0.278
1	12610	+	CHG	0.000	10.00	0	10	0	0	-0.000	0.278
1	14791	+	CG	1.000	18.00	18	18	0	0	0.824	1.000
1	14795	+	CHH	0.000	18.00	0	18	0	0	0.000	0.176
1	14796	+	CHH	0.000	18.00	0	18	0	0	0.000	0.176
1	14797	+	CHH	0.000	18.00	0	18	0	0	0.000	0.176
1	14798	+	CHH	0.000	18.00	0	18	0	0	0.000	0.176
1	14800	+	CHH	0.000	18.00	0	18	0	0	0.000	0.176
1	14802	+	CHH	0.000	18.00	0	18	0	0	0.000	0.176
1	14803	+	CHG	0.000	18.00	0	18	0	0	0.000	0.176
1	14806	+	CHH	0.000	18.00	0	18	0	0	0.000	0.176
1	14807	+	CHH	0.000	18.00	0	18	0	0	0.000	0.176
1	14808	+	CHH	0.000	18.00	0	18	0	0	0.000	0.176
1	14809	+	CHG	0.000	18.00	0	18	0	0	0.000	0.176
1	14814	+	CHH	0.000	18.00	0	18	0	0	0.000	0.176
1	14815	+	CHH	0.000	18.00	0	18	0	0	0.000	0.176
1	14819	+	CHH	0.000	18.00	0	18	0	0	0.000	0.176
1	14861	-	CHH	0.000	7.00	0	7	0	0	0.000	0.354
1	14863	-	CHH	0.000	7.00	0	7	0	0	0.000	0.354
1	14864	-	CHH	0.000	7.00	0	7	0	0	0.000	0.354
1	14865	-	CHH	0.000	7.00	0	7	0	0	0.000	0.354
1	14873	-	CHG	0.000	7.00	0	7	0	0	0.000	0.354
1	14874	-	CHH	0.000	7.00	0	7	0	0	0.000	0.354
1	14883	-	CHG	0.000	7.00	0	7	0	0	0.000	0.354
1	14888	+	CG	0.797	64.00	51	64	7	7	0.683	0.877
1	14889	-	CG	0.857	7.00	6	7	64	64	0.487	0.974
1	14894	+	CHH	0.000	64.00	0	64	0	0	0.000	0.057
1	14902	+	CHG	0.000	64.00	0	64	0	0	0.000	0.057
1	14916	+	CHG	0.000	63.00	0	63	0	0	-0.000	0.057
1	15062	-	CHG	0.000	22.00	0	22	0	0	0.000	0.149
1	15063	-	CHH	0.000	22.00	0	22	0	0	0.000	0.149
1	15064	-	CHH	0.000	22.00	0	22	0	0	0.000	0.149
1	15065	-	CHH	0.000	22.00	0	22	0	0	0.000	0.149
1	15067	-	CHH	0.000	22.00	0	22	0	0	0.000	0.149
1	15070	-	CHH	0.000	22.00	0	22	0	0	0.000	0.149
1	15072	-	CHH	0.000	22.00	0	22	0	0	0.000	0.149
1	15077	-	CHG	0.000	22.00	0	22	0	0	0.000	0.149
1	15084	-	CHH	0.000	22.00	0	22	0	0	0.000	0.149
1	15086	-	CG	0.682	22.00	15	22	0	0	0.473	0.836
1	15089	+	CG	1.000	10.00	10	10	22	22	0.722	1.000
1	15090	-	CG	0.909	22.00	20	22	10	10	0.722	0.975
1	15095	+	CHH	0.000	10.00	0	10	0	0	-0.000	0.278
1	15097	+	CHH	0.000	10.00	0	10	0	0	-0.000	0.278
1	15098	+	CHH	0.000	10.00	0	10	0	0	-0.000	0.278
1	15099	+	CHG	0.000	10.00	0	10	0	0	-0.000	0.278
1	15103	+	CHH	0.000	10.00	0	10	0	0	-0.000	0.278
1	15104	+	CHH	0.000	10.00	0	10	0	0	-0.000	0.278
1	15105	+	CHH	0.000	10.00	0	10	0	0	-0.000	0.278
1	15106	+	CHH	0.000	10.00	0	10	0	0	-0.000	0.278
1	15108	+	CHH	0.000	10.00	0	10	0	0	-0.000	0.278
1	15109	+	CHH	0.000	10.00	0	10	0	0	-0.000	0.278
1	15110	+	CHH	0.000	10.00	0	10	0	0	-0.000	0.278
1	15111	+	CHH	0.000	10.00	0	10	0	0	-0.000	0.278
1	15112	+	CHH	0.000	10.00	0	10	0	0	-0.000	0.278
1	15117	+	CHH	0.500	10.00	5	10	0	0	0.237	0.763
1	15163	-	CHH	0.000	31.00	0	31	0	0	-0.000	0.110
1	15169	-	CHG	0.000	31.00	0	31	0	0	-0.000	0.110
1	15172	-	CG	0.935	31.00	29	31	0	0	0.793	0.982
1	15179	-	CHG	0.000	31.00	0	31	0	0	-0.000	0.110
1	15185	-	CHG	0.000	31.00	0	31	0	0	-0.000	0.110
1	15190	-	CG	0.968	31.00	30	31	0	0	0.838	0.994
1	15720	+	CG	0.333	3.00	1	3	0	0	0.061	0.792
1	15727	+	CHH	0.000	3.00	0	3	0	0	0.000	0.562
1	15729	+	CHG	0.000	3.00	0	3	0	0	0.000	0.562
1	15734	+	CHG	0.000	3.00	0	3	0	0	0.000	0.562
1	15912	+	CG	0.917	12.00	11	12	0	0	0.646	0.985
1	15921	+	CHH	0.000	12.00	0	12	0	0	0.000	0.243
1	15924	+	CHH	0.000	12.00	0	12	0	0	0.000	0.243
1	15925	+	CHH	0.000	12.00	0	12	0	0	0.000	0.243
1	15927	+	CHH	0.000	12.00	0	12	0	0	0.000	0.243
1	15930	+	CHH	0.000	12.00	0	12	29	29	0.000	0.243
1	15931	+	CHH	0.000	12.00	0	12	29	29	0.000	0.243
1	15932	+	CHG	0.000	12.00	0	12	29	29	0.000	0.243
1	15934	-	CHG	0.000	29.00	0	29	12	12	0.000	0.117
1	15935	-	CHH	0.000	29.00	0	29	11	11	0.000	0.117
1	15936	-	CHH	0.000	29.00	0	29	12	12	0.000	0.117
1	15938	-	CHH	0.000	29.00	0	29	12	12	0.000	0.117
1	15939	+	CHH	0.000	12.00	0	12	29	29	0.000	0.243
1	15945	-	CHG	0.000	29.00	0	29	0	0	0.000	0.117
1	15946	-	CHH	0.000	29.00	0	29	0	0	0.000	0.117
1	15950	-	CHG	0.000	29.00	0	29	0	0	0.000	0.117
1	15951	-	CHH	0.000	29.00	0	29	0	0	0.000	0.117
1	15953	-	CHH	0.000	29.00	0	29	0	0	0.000	0.117
1	15955	+	CG	0.805	41.00	33	41	29	29	0.660	0.898
1	15956	-	CG	0.897	29.00	26	29	41	41	0.736	0.964
1	15969	+	CHG	0.000	41.00	0	41	0	0	0.000	0.086
1	15974	+	CHH	0.000	40.00	0	40	0	0	-0.000	0.088
1	16059	-	CG	0.857	7.00	6	7	0	0	0.487	0.974
1	16061	-	CHH	0.000	7.00	0	7	0	0	0.000	0.354
1	16062	-	CHH	0.000	7.00	0	7	0	0	0.000	0.354
1	16064	-	CHH	0.000	7.00	0	7	0	0	0.000	0.354
1	16069	-	CHG	0.000	7.00	0	7	0	0	0.000	0.354
1	16071	-	CG	1.000	7.00	7	7	0	0	0.646	1.000
1	16074	-	CHG	0.000	7.00	0	7	0	0	0.000	0.354
1	16075	-	CHH	0.000	7.00	0	7	0	0	0.000	0.354
1	16076	-	CHH	0.000	7.00	0	7	0	0	0.000	0.354
1	16077	-	CHH	0.000	7.00	0	7	0	0	0.000	0.354
1	16079	-	CHH	0.000	7.00	0	7	0	0	0.000	0.354
1	16080	-	CHH	0.000	7.00	0	7	0	0	0.000	0.354
1	16083	-	CG	1.000	7.00	7	7	0	0	0.646	1.000
1	16822	+	CG	1.000	21.00	21	21	0	0	0.845	1.000
1	16825	+	CHH	0.000	21.00	0	21	0	0	0.000	0.155
1	16826	+	CHH	0.000	21.00	0	21	0	0	0.000	0.155
1	16827	+	CHG	0.000	21.00	0	21	0	0	0.000	0.155
1	16830	+	CHH	0.000	21.00	0	21	0	0	0.000	0.155
1	16832	+	CHH	0.000	21.00	0	21	0	0	0.000	0.155
1	16833	+	CHH	0.000	21.00	0	21	0	0	0.000	0.155
1	16834	+	CHH	0.000	21.00	0	21	0	0	0.000	0.155
1	16837	+	CHH	0.000	21.00	0	21	0	0	0.000	0.155
1	16838	+	CHH	0.048	21.00	1	21	0	0	0.008	0.227
1	16839	+	CHG	0.000	21.00	0	21	0	0	0.000	0.155
1	16844	+	CHH	0.000	21.00	0	21	0	0	0.000	0.155
1	16845	+	CHH	0.000	21.00	0	21	0	0	0.000	0.155
1	16846	+	CHG	0.000	21.00	0	21	0	0	0.000	0.155
1	16849	+	CHH	0.000	21.00	0	21	0	0	0.000	0.155
1	16906	-	CHH	0.000	26.00	0	26	0	0	0.000	0.129
1	16907	-	CHH	0.000	27.00	0	27	0	0	0.000	0.125
1	16909	-	CHH	0.000	27.00	0	27	0	0	0.000	0.125
1	16913	-	CHG	0.000	27.00	0	27	0	0	0.000	0.125
1	16914	-	CHH	0.000	27.00	0	27	0	0	0.000	0.125
1	16915	-	CHH	0.000	27.00	0	27	0	0	0.000	0.125
1	16916	-	CHH	0.000	26.00	0	26	0	0	0.000	0.129
1	16919	-	CHG	0.000	27.00	0	27	0	0	0.000	0.125
1	16921	-	CHH	0.000	27.00	0	27	0	0	0.000	0.125
1	16922	-	CHH	0.000	27.00	0	27	0	0	0.000	0.125
1	16923	-	CHH	0.000	27.00	0	27	0	0	0.000	0.125
1	16924	-	CHH	0.000	27.00	0	27	0	0	0.000	0.125
1	16925	-	CHH	0.000	27.00	0	27	0	0	0.000	0.125
1	16930	-	CHH	0.000	27.00	0	27	0	0	0.000	0.125
1	16932	+	CG	0.960	25.00	24	25	27	27	0.805	0.993
1	16933	-	CG	0.926	27.00	25	27	25	25	0.766	0.979
1	16937	+	CHH	0.000	25.00	0	25	0	0	0.000	0.133
1	16938	+	CHH	0.000	25.00	0	25	0	0	0.000	0.133
1	16939	+	CHG	0.000	25.00	0	25	0	0	0.000	0.133
1	16944	+	CG	1.000	25.00	25	25	0	0	0.867	1.000
1	16947	+	CHH	0.000	25.00	0	25	29	29	0.000	0.133
1	16951	-	CHH	0.000	29.00	0	29	25	25	0.000	0.117
1	16954	+	CHH	0.000	25.00	0	25	29	29	0.000	0.133
1	16957	-	CHH	0.000	29.00	0	29	25	25	0.000	0.117
1	16959	-	CHH	0.000	29.00	0	29	25	25	0.000	0.117
1	16960	-	CHH	0.000	29.00	0	29	25	25	0.000	0.117
1	16963	-	CG	0.862	29.00	25	29	0	0	0.694	0.945
1	16966	-	CHH	0.000	29.00	0	29	0	0	0.000	0.117
1	16967	-	CHH	0.000	29.00	0	29	0	0	0.000	0.117
1	16972	-	CHH	0.000	29.00	0	29	0	0	0.000	0.117
1	16975	-	CG	0.931	29.00	27	29	0	0	0.780	0.981
1	17537	-	CHH	0.000	6.00	0	6	0	0	0.000	0.390
1	17542	-	CHG	0.000	6.00	0	6	0	0	0.000	0.390
1	17543	-	CHH	0.000	6.00	0	6	0	0	0.000	0.390
1	17544	-	CHH	0.000	6.00	0	6	0	0	0.000	0.390
1	17555	-	CHH	0.000	6.00	0	6	0	0	0.000	0.390
1	17559	-	CHG	0.000	6.00	0	6	0	0	0.000	0.390
1	17560	-	CHH	0.000	6.00	0	6	0	0	0.000	0.390
1	17562	+	CG	1.000	23.00	23	23	6	6	0.857	1.000
1	17563	-	CG	1.000	6.00	6	6	23	23	0.610	1.000
1	17566	+	CHH	0.000	23.00	0	23	0	0	-0.000	0.143
1	17567	+	CHH	0.000	23.00	0	23	0	0	-0.000	0.143
1	17569	+	CHH	0.000	23.00	0	23	0	0	-0.000	0.143
1	17570	+	CHG	0.000	23.00	0	23	0	0	-0.000	0.143
1	17571	+	CG	0.957	23.00	22	23	0	0	0.790	0.992
1	17573	+	CHH	0.000	23.00	0	23	0	0	-0.000	0.143
1	17574	+	CHH	0.000	23.00	0	23	0	0	-0.000	0.143
1	17575	+	CHH	0.000	23.00	0	23	0	0	-0.000	0.143
1	17577	+	CHH	0.000	23.00	0	23	0	0	-0.000	0.143
1	17579	+	CHH	0.000	23.00	0	23	0	0	-0.000	0.143
1	17580	+	CHH	0.000	23.00	0	23	0	0	-0.000	0.143
1	17581	+	CHH	0.000	23.00	0	23	0	0	-0.000	0.143
1	17582	+	CHH	0.000	23.00	0	23	0	0	-0.000	0.143
1	17584	+	CG	0.957	23.00	22	23	0	0	0.790	0.992
1	17587	+	CHH	0.000	23.00	0	23	0	0	-0.000	0.143
1	17588	+	CHH	0.000	23.00	0	23	0	0	-0.000	0.143
1	17589	+	CHG	0.000	23.00	0	23	0	0	-0.000	0.143
1	17684	-	CHG	0.000	51.00	0	51	0	0	0.000	0.070
1	17689	-	CG	0.980	51.00	50	51	0	0	0.897	0.997
1	17695	-	CG	0.804	51.00	41	51	0	0	0.675	0.890
1	17696	-	CHG	0.000	51.00	0	51	0	0	0.000	0.070
1	17697	-	CHH	0.000	51.00	0	51	0	0	0.000	0.070
1	17701	+	CG	0.960	25.00	24	25	51	51	0.805	0.993
1	17702	-	CG	1.000	51.00	51	51	25	25	0.930	1.000
1	17704	+	CHH	0.000	25.00	0	25	0	0	0.000	0.133
1	17711	+	CHH	0.000	25.00	0	25	0	0	0.000	0.133
1	17713	+	CHH	0.000	25.00	0	25	0	0	0.000	0.133
1	17715	+	CG	1.000	25.00	25	25	0	0	0.867	1.000
1	17717	+	CHH	0.000	25.00	0	25	0	0	0.000	0.133
1	17719	+	CHH	0.000	25.00	0	25	0	0	0.000	0.133
1	17721	+	CHG	0.000	25.00	0	25	0	0	0.000	0.133
1	17828	-	CHG	0.000	7.00	0	7	0	0	0.000	0.354
1	17829	-	CHH	0.000	7.00	0	7	0	0	0.000	0.354
1	17830	-	CHH	0.000	7.00	0	7	0	0	0.000	0.354
1	17831	-	CHH	0.000	7.00	0	7	0	0	0.000	0.354
1	17832	-	CHH	0.000	7.00	0	7	0	0	0.000	0.354
1	17836	-	CHG	0.000	7.00	0	7	0	0	0.000	0.354
1	17845	-	CHH	0.000	7.00	0	7	0	0	0.000	0.354
1	17846	-	CHH	0.000	7.00	0	7	0	0	0.000	0.354
1	17848	-	CHH	0.000	7.00	0	7	0	0	0.000	0.354
1	17849	-	CHH	0.000	7.00	0	7	0	0	0.000	0.354
1	17854	-	CG	0.857	7.00	6	7	0	0	0.487	0.974
1	18749	-	CHH	0.000	2.00	0	2	0	0	0.000	0.658
1	18750	-	CHH	0.000	2.00	0	2	0	0	0.000	0.658
1	18756	-	CHG	0.000	2.00	0	2	0	0	0.000	0.658
1	18759	-	CHG	0.000	2.00	0	2	0	0	0.000	0.658
1	18761	-	CHH	0.000	2.00	0	2	0	0	0.000	0.658
1	18762	-	CHH	0.000	2.00	0	2	0	0	0.000	0.658
1	18763	-	CHH	0.000	2.00	0	2	0	0	0.000	0.658
1	18764	-	CHH	0.000	2.00	0	2	0	0	0.000	0.658
1	18765	-	CHH	0.000	2.00	0	2	0	0	0.000	0.658
1	18769	-	CG	1.000	2.00	2	2	0	0	0.342	1.000
1	18770	-	CHG	0.000	2.00	0	2	0	0	0.000	0.658
1	18772	-	CHH	0.000	2.00	0	2	0	0	0.000	0.658
1	18776	-	CG	0.500	2.00	1	2	0	0	0.095	0.905
1	19249	-	CG	0.000	1.00	0	1	0	0	0.000	0.793
1	19251	-	CHH	0.000	1.00	0	1	0	0	0.000	0.793
1	19254	-	CHG	0.000	1.00	0	1	0	0	0.000	0.793
1	19256	-	CHH	0.000	1.00	0	1	0	0	0.000	0.793
1	19259	-	CHG	0.000	1.00	0	1	0	0	0.000	0.793
1	19265	-	CHG	0.000	1.00	0	1	0	0	0.000	0.793
1	19274	-	CG	1.000	1.00	1	1	0	0	0.207	1.000
1	20975	-	CHH	0.000	47.00	0	47	0	0	0.000	0.076
1	20976	-	CHH	0.000	47.00	0	47	0	0	0.000	0.076
1	20981	-	CHG	0.000	47.00	0	47	0	0	0.000	0.076
1	20984	-	CG	0.447	47.00	21	47	0	0	0.314	0.588
1	20988	-	CHG	0.000	47.00	0	47	0	0	0.000	0.076
1	20990	-	CHH	0.000	47.00	0	47	0	0	0.000	0.076
1	20992	-	CHH	0.000	47.00	0	47	0	0	0.000	0.076
1	20993	-	CHH	0.000	47.00	0	47	0	0	0.000	0.076
1	20997	-	CHG	0.000	47.00	0	47	0	0	0.000	0.076
1	20999	-	CHH	0.000	47.00	0	47	0	0	0.000	0.076
1	21000	-	CHH	0.000	47.00	0	47	0	0	0.000	0.076
1	21003	-	CG	0.532	47.00	25	47	0	0	0.392	0.667
1	24638	+	CG	1.000	3.00	3	3	0	0	0.438	1.000
1	24645	+	CHH	0.000	3.00	0	3	0	0	0.000	0.562
1	24646	+	CHH	0.000	3.00	0	3	0	0	0.000	0.562
1	24647	+	CHH	0.000	3.00	0	3	0	0	0.000	0.562
1	24648	+	CHH	0.000	3.00	0	3	0	0	0.000	0.562
1	24656	+	CHG	0.000	3.00	0	3	0	0	0.000	0.562
1	24659	+	CHH	0.000	3.00	0	3	0	0	0.000	0.562
1	24661	+	CHH	0.000	3.00	0	3	0	0	0.000	0.562
1	24662	+	CHH	0.000	3.00	0	3	0	0	0.000	0.562
1	24663	+	CHG	0.000	3.00	0	3	0	0	0.000	0.562
1	24879	-	CHG	0.000	1.00	0	1	0	0	0.000	0.793
1	24880	-	CHH	0.000	1.00	0	1	0	0	0.000	0.793
1	24882	-	CHH	0.000	1.00	0	1	0	0	0.000	0.793
1	24887	-	CHH	0.000	1.00	0	1	0	0	0.000	0.793
1	24888	-	CHH	0.000	1.00	0	1	0	0	0.000	0.793
1	24890	-	CHH	0.000	1.00	0	1	0	0	0.000	0.793
1	24894	-	CHG	0.000	1.00	0	1	0	0	0.000	0.793
1	24896	-	CHH	0.000	1.00	0	1	0	0	0.000	0.793
1	24897	-	CHH	0.000	1.00	0	1	0	0	0.000	0.793
1	24898	-	CHH	0.000	1.00	0	1	0	0	0.000	0.793
1	24901	-	CG	1.000	1.00	1	1	0	0	0.207	1.000
1	24902	-	CHG	0.000	1.00	0	1	0	0	0.000	0.793
1	24904	-	CHH	0.000	1.00	0	1	0	0	0.000	0.793
1	24906	+	CG	1.000	14.00	14	14	1	1	0.785	1.000
1	24907	-	CG	1.000	1.00	1	1	14	14	0.207	1.000
1	24911	+	CG	1.000	14.00	14	14	0	0	0.785	1.000
1	24914	+	CHG	0.000	14.00	0	14	0	0	0.000	0.215
1	24919	+	CHH	0.000	14.00	0	14	0	0	0.000	0.215
1	24920	+	CHH	0.000	14.00	0	14	0	0	0.000	0.215
1	24922	+	CHH	0.000	14.00	0	14	0	0	0.000	0.215
1	24923	+	CHH	0.000	14.00	0	14	0	0	0.000	0.215
1	24924	+	CHH	0.000	13.00	0	13	0	0	0.000	0.228
1	24926	+	CG	0.857	14.00	12	14	0	0	0.601	0.960
1	24929	+	CHH	0.000	14.00	0	14	0	0	0.000	0.215
1	24930	+	CHH	0.000	14.00	0	14	0	0	0.000	0.215
1	24932	+	CHG	0.000	14.00	0	14	0	0	0.000	0.215
1	24933	+	CG	0.333	21.00	7	21	0	0	0.172	0.546
1	24936	+	CHH	0.000	7.00	0	7	0	0	0.000	0.354
1	24938	+	CG	1.000	7.00	7	7	0	0	0.646	1.000
1	24940	+	CHH	0.000	7.00	0	7	0	0	0.000	0.354
1	24941	+	CHH	0.000	7.00	0	7	0	0	0.000	0.354
1	24942	+	CHH	0.000	7.00	0	7	0	0	0.000	0.354
1	24943	+	CHH	0.000	7.00	0	7	0	0	0.000	0.354
1	24944	+	CHH	0.000	7.00	0	7	0	0	0.000	0.354
1	24946	+	CHH	0.000	7.00	0	7	0	0	0.000	0.354
1	24947	+	CHH	0.000	7.00	0	7	0	0	0.000	0.354
1	24949	+	CHG	0.000	7.00	0	7	0	0	0.000	0.354
1	24954	+	CHG	0.000	7.00	0	7	0	0	0.000	0.354
1	24957	+	CG	1.000	6.00	6	6	0	0	0.610	1.000
1	25089	-	CHG	0.000	2.00	0	2	0	0	0.000	0.658
1	25091	-	CHH	0.000	2.00	0	2	0	0	0.000	0.658
1	25093	-	CHH	0.000	2.00	0	2	0	0	0.000	0.658
1	25097	-	CHH	0.000	2.00	0	2	0	0	0.000	0.658
1	25099	-	CHH	0.000	2.00	0	2	0	0	0.000	0.658
1	25100	-	CHH	0.000	2.00	0	2	0	0	0.000	0.658
1	25101	-	CHH	0.000	2.00	0	2	0	0	0.000	0.658
1	25105	-	CHH	0.000	2.00	0	2	0	0	0.000	0.658
1	25106	-	CHH	0.000	2.00	0	2	0	0	0.000	0.658
1	25107	-	CHH	0.000	2.00	0	2	0	0	0.000	0.658
1	25110	-	CHG	0.000	2.00	0	2	0	0	0.000	0.658
1	25111	-	CHH	0.000	2.00	0	2	0	0	0.000	0.658
1	25112	-	CHH	0.000	2.00	0	2	0	0	0.000	0.658
1	25116	-	CG	1.000	2.00	2	2	0	0	0.342	1.000
1	28825	+	CG	0.000	8.00	0	8	19	19	0.000	0.324
1	28826	-	CG	0.000	20.00	0	20	8	8	-0.000	0.161
1	28827	-	CHG	0.000	20.00	0	20	8	8	-0.000	0.161
1	28829	-	CHH	0.000	20.00	0	20	8	8	-0.000	0.161
1	28833	+	CHH	0.000	8.00	0	8	20	20	0.000	0.324
1	28836	-	CHH	0.000	20.00	0	20	8	8	-0.000	0.161
1	28837	+	CHH	0.000	8.00	0	8	20	20	0.000	0.324
1	28838	+	CHH	0.000	8.00	0	8	20	20	0.000	0.324
1	28840	+	CG	0.000	8.00	0	8	20	20	0.000	0.324
1	28841	-	CG	0.000	20.00	0	20	8	8	-0.000	0.161
1	28842	+	CHG	0.000	8.00	0	8	20	20	0.000	0.324
1	28844	-	CHG	0.000	20.00	0	20	8	8	-0.000	0.161
1	28847	-	CHH	0.000	20.00	0	20	8	8	-0.000	0.161
1	28848	-	CHH	0.000	20.00	0	20	8	8	-0.000	0.161
1	28849	+	CHH	0.000	8.00	0	8	20	20	0.000	0.324
1	28850	+	CHH	0.000	8.00	0	8	20	20	0.000	0.324
1	28851	+	CHG	0.000	8.00	0	8	20	20	0.000	0.324
1	28852	+	CG	0.000	88.00	0	88	20	20	0.000	0.042
1	28853	-	CG	0.000	19.77	0	20	87	88	0.000	0.163
1	28858	+	CHH	0.000	80.00	0	80	0	0	-0.000	0.046
1	28859	+	CHH	0.000	80.00	0	80	0	0	-0.000	0.046
1	28860	+	CHH	0.000	80.00	0	80	0	0	-0.000	0.046
1	28863	+	CG	0.000	80.00	0	80	0	0	-0.000	0.046
1	28865	+	CG	0.000	80.00	0	80	0	0	-0.000	0.046
1	28871	+	CHG	0.000	80.00	0	80	0	0	-0.000	0.046
1	28881	-	CHH	0.000	37.00	0	37	0	0	0.000	0.094
1	28882	-	CHH	0.000	37.00	0	37	0	0	0.000	0.094
1	28883	-	CHH	0.000	37.00	0	37	0	0	0.000	0.094
1	28892	-	CG	0.000	37.00	0	37	0	0	0.000	0.094
1	28894	-	CHH	0.000	37.00	0	37	0	0	0.000	0.094
1	28895	-	CHH	0.027	37.00	1	37	0	0	0.005	0.138
1	28896	-	CHH	0.000	37.00	0	37	0	0	0.000	0.094
1	28901	-	CHG	0.000	37.00	0	37	0	0	0.000	0.094
1	28902	-	CHH	0.000	37.00	0	37	0	0	0.000	0.094
1	28904	-	CHH	0.054	37.00	2	37	0	0	0.015	0.177
1	28908	+	CG	0.000	15.00	0	15	37	37	-0.000	0.204
1	28909	-	CG	0.000	37.00	0	37	15	15	0.000	0.094
1	28912	+	CG	0.067	15.00	1	15	0	0	0.012	0.298
1	28916	+	CHG	0.000	15.00	0	15	0	0	-0.000	0.204
1	28919	+	CHG	0.000	15.00	0	15	0	0	-0.000	0.204
1	28922	+	CHG	0.000	15.00	0	15	0	0	-0.000	0.204
1	28925	+	CG	0.000	15.00	0	15	0	0	-0.000	0.204
1	28930	-	CHH	0.000	7.00	0	7	15	15	0.000	0.354
1	28932	-	CHH	0.000	7.00	0	7	15	15	0.000	0.354
1	28933	+	CHG	0.000	15.00	0	15	7	7	-0.000	0.204
1	28934	+	CG	0.000	15.00	0	15	7	7	-0.000	0.204
1	28935	-	CG	0.000	7.00	0	7	15	15	0.000	0.354
1	28936	+	CG	0.000	15.00	0	15	7	7	-0.000	0.204
1	28937	-	CG	0.000	7.00	0	7	0	0	0.000	0.354
1	28939	-	CG	0.000	7.00	0	7	0	0	0.000	0.354
1	28941	-	CHH	0.000	7.00	0	7	0	0	0.000	0.354
1	28942	-	CHH	0.000	7.00	0	7	0	0	0.000	0.354
1	28950	-	CHG	0.000	7.00	0	7	0	0	0.000	0.354
1	28955	+	CG	0.000	11.00	0	11	7	7	0.000	0.259
1	28956	-	CG	0.000	7.00	0	7	11	11	0.000	0.354
1	28958	+	CHG	0.000	11.00	0	11	0	0	0.000	0.259
1	28964	+	CG	0.000	11.00	0	11	0	0	0.000	0.259
1	28967	-	CHH	0.000	14.00	0	14	11	11	0.000	0.215
1	28970	-	CHH	0.000	14.00	0	14	11	11	0.000	0.215
1	28972	+	CG	0.000	11.00	0	11	14	14	0.000	0.259
1	28973	-	CG	0.000	13.00	0	13	11	11	0.000	0.228
1	28974	+	CHG	0.000	11.00	0	11	14	14	0.000	0.259
1	28976	-	CHG	0.000	14.00	0	14	11	11	0.000	0.215
1	28977	-	CHH	0.000	14.00	0	14	11	11	0.000	0.215
1	28979	-	CHH	0.000	14.00	0	14	11	11	0.000	0.215
1	28981	-	CHH	0.000	14.00	0	14	11	11	0.000	0.215
1	28982	-	CHH	0.000	14.00	0	14	11	11	0.000	0.215
1	28983	-	CHH	0.000	14.00	0	14	11	11	0.000	0.215
1	28984	-	CHH	0.000	14.00	0	14	0	0	0.000	0.215
1	28986	-	CHH	0.000	14.00	0	14	0	0	0.000	0.215
1	28987	-	CHH	0.000	14.00	0	14	0	0	0.000	0.215
1	28989	-	CG	0.000	14.00	0	14	0	0	0.000	0.215
1	28990	-	CHG	0.000	14.00	0	14	0	0	0.000	0.215
1	28995	-	CG	0.000	14.00	0	14	0	0	0.000	0.215
1	29011	+	CG	0.000	12.00	0	12	0	0	0.000	0.243
1	29016	+	CHH	0.000	12.00	0	12	0	0	0.000	0.243
1	29017	+	CHH	0.000	12.00	0	12	0	0	0.000	0.243
1	29018	+	CHG	0.000	12.00	0	12	0	0	0.000	0.243
1	29021	+	CG	0.000	12.00	0	12	0	0	0.000	0.243
1	29023	+	CHH	0.000	12.00	0	12	0	0	0.000	0.243
1	29024	+	CHH	0.000	12.00	0	12	0	0	0.000	0.243
1	29025	+	CHH	0.000	12.00	0	12	0	0	0.000	0.243
1	29026	+	CHH	0.000	12.00	0	12	9	9	0.000	0.243
1	29028	+	CHH	0.083	12.00	1	12	9	9	0.015	0.354
1	29031	-	CHH	0.000	9.00	0	9	12	12	0.000	0.299
1	29032	+	CHH	0.000	12.00	0	12	9	9	0.000	0.243
1	29033	+	CHH	0.000	12.00	0	12	9	9	0.000	0.243
1	29036	-	CHH	0.000	9.00	0	9	12	12	0.000	0.299
1	29037	-	CHH	0.000	9.00	0	9	12	12	0.000	0.299
1	29038	+	CHH	0.000	12.00	0	12	9	9	0.000	0.243
1	29045	-	CHG	0.000	9.00	0	9	0	0	0.000	0.299
1	29049	-	CHH	0.000	9.00	0	9	0	0	0.000	0.299
1	29050	-	CHH	0.000	9.00	0	9	0	0	0.000	0.299
1	29051	-	CHH	0.000	9.00	0	9	0	0	0.000	0.299
1	29054	-	CG	0.000	9.00	0	9	0	0	0.000	0.299
1	29063	+	CG	0.000	17.00	0	17	0	0	0.000	0.184
1	29069	+	CHG	0.000	17.00	0	17	15	15	0.000	0.184
1	29071	-	CHG	0.000	15.00	0	15	17	17	-0.000	0.204
1	29072	-	CHH	0.000	15.00	0	15	17	17	-0.000	0.204
1	29073	-	CHH	0.000	15.00	0	15	17	17	-0.000	0.204
1	29074	+	CG	0.000	17.00	0	17	15	15	0.000	0.184
1	29075	-	CG	0.000	14.00	0	14	17	17	0.000	0.215
1	29076	+	CG	0.000	17.00	0	17	15	15	0.000	0.184
1	29077	-	CG	0.000	15.00	0	15	17	17	-0.000	0.204
1	29078	-	CHG	0.000	15.00	0	15	17	17	-0.000	0.204
1	29079	+	CHH	0.000	17.00	0	17	15	15	0.000	0.184
1	29081	+	CHH	0.000	17.00	0	17	15	15	0.000	0.184
1	29082	+	CHG	0.000	17.00	0	17	15	15	0.000	0.184
1	29084	-	CHG	0.000	15.00	0	15	17	17	-0.000	0.204
1	29085	-	CHH	0.000	15.00	0	15	17	17	-0.000	0.204
1	29086	-	CHH	0.000	15.00	0	15	17	17	-0.000	0.204
1	29088	-	CHH	0.000	15.00	0	15	17	17	-0.000	0.204
1	29089	-	CHH	0.000	15.00	0	15	17	17	-0.000	0.204
1	29092	-	CHH	0.000	15.00	0	15	0	0	-0.000	0.204
1	29097	-	CG	0.000	15.00	0	15	0	0	-0.000	0.204
1	29119	+	CG	0.000	10.00	0	10	0	0	-0.000	0.278
1	29123	+	CG	0.000	10.00	0	10	0	0	-0.000	0.278
1	29127	+	CG	0.000	10.00	0	10	0	0	-0.000	0.278
1	29131	-	CHH	0.000	24.00	0	24	10	10	0.000	0.138
1	29132	+	CHH	0.000	10.00	0	10	24	24	-0.000	0.278
1	29133	+	CHH	0.000	10.00	0	10	23	23	-0.000	0.278
1	29134	+	CHG	0.000	10.00	0	10	24	24	-0.000	0.278
1	29136	-	CHG	0.000	24.00	0	24	10	10	0.000	0.138
1	29137	+	CG	0.000	10.00	0	10	24	24	-0.000	0.278
1	29138	-	CG	0.000	16.00	0	16	8	8	0.000	0.194
1	29139	-	CHG	0.000	24.00	0	24	10	10	0.000	0.138
1	29140	+	CG	0.000	10.00	0	10	24	24	-0.000	0.278
1	29141	-	CG	0.000	24.00	0	24	10	10	0.000	0.138
1	29142	-	CHG	0.000	24.00	0	24	10	10	0.000	0.138
1	29143	+	CG	0.000	10.00	0	10	24	24	-0.000	0.278
1	29144	-	CG	0.000	24.00	0	24	10	10	0.000	0.138
1	29147	+	CG	0.000	10.00	0	10	24	24	-0.000	0.278
1	29148	-	CG	0.000	24.00	0	24	0	0	0.000	0.138
1	29151	-	CHG	0.000	24.00	0	24	0	0	0.000	0.138
1	29153	-	CHH	0.000	24.00	0	24	0	0	0.000	0.138
1	29154	-	CHH	0.000	24.00	0	24	0	0	0.000	0.138
1	29156	-	CHH	0.000	24.00	0	24	0	0	0.000	0.138
1	29158	+	CG	0.000	6.00	0	6	24	24	0.000	0.390
1	29159	-	CG	0.000	24.00	0	24	6	6	0.000	0.138
1	29162	+	CHH	0.000	6.00	0	6	0	0	0.000	0.390
1	29164	+	CHG	0.000	6.00	0	6	0	0	0.000	0.390
1	29165	+	CG	0.000	21.00	0	21	0	0	0.000	0.155
1	29169	+	CHG	0.000	21.00	0	21	0	0	0.000	0.155
1	29172	+	CG	0.000	21.00	0	21	0	0	0.000	0.155
1	29175	+	CHG	0.000	21.00	0	21	0	0	0.000	0.155
1	29176	+	CG	0.000	21.00	0	21	0	0	0.000	0.155
1	29178	+	CG	0.000	21.00	0	21	0	0	0.000	0.155
1	29183	+	CHH	0.000	21.00	0	21	0	0	0.000	0.155
1	29185	+	CHH	0.000	21.00	0	21	0	0	0.000	0.155
1	29186	+	CHG	0.000	21.00	0	21	0	0	0.000	0.155
1	29189	+	CHH	0.000	15.00	0	15	0	0	-0.000	0.204
1	29195	-	CG	0.000	23.00	0	23	0	0	-0.000	0.143
1	29198	-	CHG	0.000	24.00	0	24	0	0	0.000	0.138
1	29199	-	CHH	0.000	24.00	0	24	0	0	0.000	0.138
1	29206	-	CG	0.000	24.00	0	24	0	0	0.000	0.138
1	29207	-	CHG	0.000	24.00	0	24	0	0	0.000	0.138
1	29211	-	CHG	0.000	24.00	0	24	0	0	0.000	0.138
1	29212	-	CHH	0.000	24.00	0	24	0	0	0.000	0.138
1	29216	-	CG	0.000	24.00	0	24	0	0	0.000	0.138
1	29217	-	CHG	0.000	24.00	0	24	0	0	0.000	0.138
1	29221	+	CG	0.000	25.00	0	25	24	24	0.000	0.133
1	29222	-	CG	0.000	24.00	0	24	25	25	0.000	0.138
1	29225	+	CHH	0.000	25.00	0	25	0	0	0.000	0.133
1	29226	+	CHH	0.000	25.00	0	25	30	30	0.000	0.133
1	29228	+	CHH	0.000	25.00	0	25	30	30	0.000	0.133
1	29229	+	CHG	0.000	25.00	0	25	30	30	0.000	0.133
1	29230	+	CG	0.000	25.00	0	25	30	30	0.000	0.133
1	29231	-	CG	0.000	30.00	0	30	25	25	-0.000	0.114
1	29232	+	CHH	0.000	25.00	0	25	30	30	0.000	0.133
1	29233	+	CHG	0.000	25.00	0	25	29	29	0.000	0.133
1	29234	+	CG	0.040	25.00	1	25	30	30	0.007	0.195
1	29235	-	CG	0.000	29.00	0	29	25	25	0.000	0.117
1	29236	+	CHH	0.000	25.00	0	25	30	30	0.000	0.133
1	29237	+	CHH	0.000	25.00	0	25	30	30	0.000	0.133
1	29239	+	CHH	0.000	25.00	0	25	30	30	0.000	0.133
1	29240	+	CHH	0.000	25.00	0	25	30	30	0.000	0.133
1	29241	+	CHH	0.000	25.00	0	25	30	30	0.000	0.133
1	29243	+	CHH	0.000	25.00	0	25	30	30	0.000	0.133
1	29244	+	CHG	0.000	23.00	0	23	30	30	-0.000	0.143
1	29246	-	CHG	0.000	30.00	0	30	22	22	-0.000	0.114
1	29247	+	CHH	0.000	25.00	0	25	30	30	0.000	0.133
1	29248	+	CHH	0.000	24.00	0	24	30	30	0.000	0.138
1	29249	+	CHH	0.000	25.00	0	25	30	30	0.000	0.133
1	29253	+	CG	0.000	24.00	0	24	30	30	0.000	0.138
1	29254	-	CG	0.000	30.00	0	30	24	24	-0.000	0.114
1	29258	+	CHH	0.000	24.00	0	24	0	0	0.000	0.138
1	29259	+	CHH	0.000	24.00	0	24	0	0	0.000	0.138
1	29260	+	CHH	0.000	24.00	0	24	0	0	0.000	0.138
1	29261	+	CHH	0.000	24.00	0	24	0	0	0.000	0.138
1	29264	+	CHH	0.000	24.00	0	24	0	0	0.000	0.138
1	29267	+	CG	0.000	24.00	0	24	0	0	0.000	0.138
1	29269	+	CHH	0.000	24.00	0	24	0	0	0.000	0.138
1	29270	+	CHH	0.000	24.00	0	24	0	0	0.000	0.138
1	29271	+	CHG	0.000	24.00	0	24	0	0	0.000	0.138
1	29272	+	CG	0.000	24.00	0	24	0	0	0.000	0.138
1	29274	+	CHH	0.000	24.00	0	24	0	0	0.000	0.138
1	29275	+	CHG	0.000	24.00	0	24	0	0	0.000	0.138
1	29279	+	CHH	0.000	24.00	0	24	22	22	0.000	0.138
1	29280	+	CHH	0.000	24.00	0	24	24	24	0.000	0.138
1	29281	+	CHH	0.000	24.00	0	24	24	24	0.000	0.138
1	29286	-	CG	0.000	24.00	0	24	0	0	0.000	0.138
1	29299	-	CG	0.000	24.00	0	24	0	0	0.000	0.138
1	29301	-	CG	0.000	24.00	0	24	0	0	0.000	0.138
1	29302	-	CHG	0.000	24.00	0	24	0	0	0.000	0.138
1	29306	+	CG	0.000	13.00	0	13	24	24	0.000	0.228
1	29307	-	CG	0.000	24.00	0	24	13	13	0.000	0.138
1	29310	+	CG	0.000	13.00	0	13	51	51	0.000	0.228
1	29311	-	CG	0.000	49.00	0	49	13	13	0.000	0.073
1	29312	+	CHH	0.000	13.00	0	13	51	51	0.000	0.228
1	29313	+	CHH	0.000	13.00	0	13	51	51	0.000	0.228
1	29315	+	CHH	0.000	13.00	0	13	51	51	0.000	0.228
1	29316	+	CHH	0.000	13.00	0	13	51	51	0.000	0.228
1	29318	+	CHH	0.000	13.00	0	13	51	51	0.000	0.228
1	29320	+	CHH	0.000	13.00	0	13	51	51	0.000	0.228
1	29321	+	CHG	0.000	13.00	0	13	51	51	0.000	0.228
1	29323	-	CHG	0.000	51.00	0	51	13	13	0.000	0.070
1	29324	+	CG	0.000	13.00	0	13	51	51	0.000	0.228
1	29325	-	CG	0.000	51.00	0	51	13	13	0.000	0.070
1	29327	-	CHH	0.000	51.00	0	51	13	13	0.000	0.070
1	29328	+	CHG	0.000	13.00	0	13	51	51	0.000	0.228
1	29329	+	CG	0.000	13.00	0	13	51	51	0.000	0.228
1	29330	-	CG	0.000	51.00	0	51	13	13	0.000	0.070
1	29331	+	CHH	0.000	13.00	0	13	51	51	0.000	0.228
1	29332	+	CHH	0.000	13.00	0	13	51	51	0.000	0.228
1	29333	+	CHH	0.000	13.00	0	13	51	51	0.000	0.228
1	29337	+	CG	0.000	18.00	0	18	51	51	0.000	0.176
1	29338	-	CG	0.039	51.00	2	51	18	18	0.011	0.132
1	29342	-	CHH	0.000	22.00	0	22	18	18	0.000	0.149
1	29343	+	CHH	0.000	18.00	0	18	23	23	0.000	0.176
1	29345	+	CHH	0.000	18.00	0	18	23	23	0.000	0.176
1	29346	+	CHG	0.000	18.00	0	18	23	23	0.000	0.176
1	29347	+	CG	0.000	18.00	0	18	23	23	0.000	0.176
1	29348	-	CG	0.000	23.00	0	23	18	18	-0.000	0.143
1	29349	+	CHG	0.000	18.00	0	18	23	23	0.000	0.176
1	29350	+	CG	0.000	18.00	0	18	23	23	0.000	0.176
1	29351	-	CG	0.000	23.00	0	23	18	18	-0.000	0.143
1	29352	+	CHG	0.000	18.00	0	18	23	23	0.000	0.176
1	29353	+	CG	0.000	18.00	0	18	23	23	0.000	0.176
1	29354	-	CG	0.000	23.00	0	23	18	18	-0.000	0.143
1	29355	+	CHH	0.000	18.00	0	18	23	23	0.000	0.176
1	29358	+	CHG	0.000	18.00	0	18	23	23	0.000	0.176
1	29359	+	CG	0.000	18.00	0	18	23	23	0.000	0.176
1	29360	-	CG	0.000	23.00	0	23	18	18	-0.000	0.143
1	29361	+	CHH	0.000	18.00	0	18	23	23	0.000	0.176
1	29363	+	CHG	0.000	18.00	0	18	23	23	0.000	0.176
1	29365	-	CHG	0.000	23.00	0	23	18	18	-0.000	0.143
1	29367	+	CG	0.000	17.00	0	17	23	23	0.000	0.184
1	29368	-	CG	0.000	23.00	0	23	17	17	-0.000	0.143
1	29372	+	CHG	0.000	17.00	0	17	0	0	0.000	0.184
1	29373	+	CG	0.000	17.00	0	17	0	0	0.000	0.184
1	29375	+	CHG	0.000	17.00	0	17	0	0	0.000	0.184
1	29381	+	CHH	0.000	17.00	0	17	0	0	0.000	0.184
1	29382	+	CHH	0.000	17.00	0	17	0	0	0.000	0.184
1	29386	+	CHH	0.000	17.00	0	17	0	0	0.000	0.184
1	29387	+	CHH	0.000	17.00	0	17	0	0	0.000	0.184
1	29388	+	CHG	0.000	17.00	0	17	0	0	0.000	0.184
1	29389	+	CG	0.000	17.00	0	17	0	0	0.000	0.184
1	29391	+	CHG	0.000	17.00	0	17	0	0	0.000	0.184
1	29392	+	CG	0.000	17.00	0	17	0	0	0.000	0.184
1	29394	+	CHH	0.000	17.00	0	17	0	0	0.000	0.184
1	29395	+	CHH	0.000	17.00	0	17	0	0	0.000	0.184
1	29457	-	CG	0.000	37.00	0	37	0	0	0.000	0.094
1	29459	-	CHH	0.000	37.00	0	37	0	0	0.000	0.094
1	29461	-	CG	0.000	37.00	0	37	0	0	0.000	0.094
1	29463	-	CG	0.000	37.00	0	37	0	0	0.000	0.094
1	29464	-	CHG	0.000	37.00	0	37	0	0	0.000	0.094
1	29470	-	CHG	0.000	37.00	0	37	0	0	0.000	0.094
1	29471	-	CHH	0.000	37.00	0	37	0	0	0.000	0.094
1	29477	-	CG	0.000	37.00	0	37	0	0	0.000	0.094
1	29480	-	CG	0.000	37.00	0	37	0	0	0.000	0.094
1	29484	+	CG	0.000	9.00	0	9	37	37	0.000	0.299
1	29485	-	CG	0.000	37.00	0	37	9	9	0.000	0.094
1	29489	+	CG	0.000	9.00	0	9	0	0	0.000	0.299
1	29491	+	CHG	0.000	9.00	0	9	0	0	0.000	0.299
1	29495	+	CHH	0.000	9.00	0	9	0	0	0.000	0.299
1	29496	+	CHG	0.000	9.00	0	9	0	0	0.000	0.299
1	29500	+	CG	0.000	9.00	0	9	0	0	0.000	0.299
1	29504	+	CHG	0.000	9.00	0	9	0	0	0.000	0.299
1	29505	+	CG	0.000	9.00	0	9	0	0	0.000	0.299
1	29510	+	CG	0.000	9.00	0	9	0	0	0.000	0.299
1	29512	+	CG	0.000	9.00	0	9	0	0	0.000	0.299
1	29685	-	CHH	0.000	38.00	0	38	0	0	0.000	0.092
1	29688	-	CHG	0.000	38.00	0	38	0	0	0.000	0.092
1	29692	-	CG	0.000	38.00	0	38	0	0	0.000	0.092
1	29701	-	CG	0.000	39.00	0	39	0	0	0.000	0.090
1	29702	-	CHG	0.000	39.00	0	39	0	0	0.000	0.090
1	29710	-	CG	0.000	39.00	0	39	0	0	0.000	0.090
1	29711	-	CHG	0.000	1.00	0	1	0	0	0.000	0.793
1	29712	-	CHH	0.000	1.00	0	1	0	0	0.000	0.793
1	29715	-	CHG	0.000	1.00	0	1	0	0	0.000	0.793
1	29721	-	CG	0.000	1.00	0	1	0	0	0.000	0.793
1	29725	-	CG	0.000	1.00	0	1	0	0	0.000	0.793
1	49404	+	CG	1.000	2.00	2	2	0	0	0.342	1.000
1	49408	+	CG	1.000	2.00	2	2	0	0	0.342	1.000
1	49410	+	CHH	0.000	2.00	0	2	0	0	0.000	0.658
1	49413	+	CHH	0.000	2.00	0	2	0	0	0.000	0.658
1	49414	+	CHG	0.000	2.00	0	2	0	0	0.000	0.658
1	49427	+	CHH	0.000	2.00	0	2	0	0	0.000	0.658
1	49431	+	CHG	0.000	2.00	0	2	0	0	0.000	0.658
1	51588	+	CG	1.000	32.00	32	32	0	0	0.893	1.000
1	51592	+	CG	0.938	32.00	30	32	0	0	0.799	0.983
